8847999684758377529
1702366297325796030
8847999684758377529
1584223360365785452
2884820619782220594
7364143070086762349
8117422420134104506
3851796087912617274
3583923516580566336
3583923516580566336
6758711471729578540
1924849536639630213
69655089733484625
8597973530029241856
5427520435964806358
8454883320128570161
9008675402166143548
7021627801812740453
8244467120812946959
2515943567156173816
6465291331835081981
4552547550237870191
5676611561582412211
5676611561582412211
5676611561582412211
5676611561582412211
8838728990360408219
3248229124393132236
2878824666135577291
6062008255858303261
3823068081672772674
5951549012795176609
5951549012795176609
2407397629777614011
6376309764979572772
201966908742314242
668570408035368299
668570408035368299
7073122704729611668
5555851026443330984
6134719853835340543
9202186405203376695
7067164204413376756
5995910501674958621
5079558951711803860
3816491549926659247
8822431199532085734
2561974801455469389
3454760162510686555
2123920256867543620
600779144033436812
105424994474505801
6328772981948667910
242410184010609867
7643316508507004785
6670762645755215539
3309685201208572663
7708523059266985587
9179028746382425529
7277843738966835526
200703864612686897
4011652127574819137
6589480698509096767
1949888418668053137
8985983381739167157
4130889564031983855
3099739446122441152
7449740969069170821
8453426176258960063
8060219937495568570
207156387446635420
5745119711280827839
4605991456581648724
3493785013931528495
4912012010438182958
5709846382552310589
6470940209203790221
7335359449622299399
7459765259394681804
8890954752067002988
2119082840374355815
3324108409449062558
793477970662332201
4031485610956903962
6316644039069255802
1752919166958904993
6176831055262643441
5077143877762601683
5346836684395230158
6324197706068186430
8102553008853471829
982270421376775401
5215013139964191246
5591322634293694662
287370948578128233
8943514604844802150
2524046616054324680
1212512371906651558
7008295062553851621
2021431545102696129
455502066786704625
7152299117645396138
7741384832182594269
5056466018658534492
1194942657316796364
5460483543320822123
5655709251698655870
4924708028473880828
7148030027174690710
5720248578725905892
7042783581139480635
8302437512578052667
3324998713083048205
328814487798147514
4698467316064459128
9171612927468262380
6541538508805037435
4104602979298917554
5531376161811373248
7938618557435285900
7565566531237157382
1732900025001378260
2712543979336992173
1300433357822684244
5247451329293725255
396899842453212579
8500260020010000696
2657260616341139934
2664866421620909284
8884304232251049713
5750014591410187091
7023852000325718146
4093060216480354144
8488107497429797997
766105788868312243
4916316701842271698
834728301678998459
796598438114658561
6611976675944253852
8956772358068655654
1824976086771650022
5439666786566351492
4511275657756679983
4201018236972799576
229419074738908794
4622716685110184275
3956358723267396174
5881019538930305613
5481885838361177327
698541065030289803
4577873611479481216
1360576545822452794
5829476718875243402
6625194805907125091
992024238360755910
3496891539530512582
3975233173242710850
609124977346618858
2881283325762186373
4073623079746897321
9184258804541399805
1107457742476961736
8487482280809389714
912189921341076387
5097022560591492396
2266285661909935941
5952203057375992884
6361023704590746207
6973789741783512589
4061746523853555899
7059429062975973747
3940343012977045977
4449045432204436994
4903061362874590403
960480929442071693
116384651230548780
368617235289926511
2081666408320570663
6329387207758201523
78889820165241080
2480344090997273246
7785468747826386340
4858560152235542607
4476621989089673123
2465626869462402232
8134222697942111961
6568276809142566672
8669376364258229887
1082367883539966349
4382568243258729615
1329149501509617144
7329272182517574683
3121504890680560273
241599221097754451
3340782106722783612
7375765298813199584
7978971925970143321
635876329657618343
8763669680053872471
8506728479409282839
4771867012504642455
6194017269302211196
4189998703120845746
7363038411585702864
3980260093566696715
1330164451213150012
673264651811518839
5439560255097094097
1207791345717796051
8597517032833849642
1904100153647415499
1426029301635875180
4310357975809183218
4636634325648280505
994700720282839805
3209896810657687189
8708072133585841622
3187575789169604195
7568497719646734615
775388885954640686
1037840124969796623
6520376574131824826
6642895267014482896
5628318062059866023
7471922434975965936
1432696116066146982
4993890064118989315
7384918403553458726
3732419405472689647
5783105637240974921
8891649594462999425
1806261793474266432
3859974235864909722
9019487683055056215
6774974792523426880
6887132515296324066
4752326401336317269
1512697560013579727
3332912400721959271
3117050450542963427
7146069922801110882
1168696292749532979
6984324269274151060
7619578555159001527
8952331860616075720
2728367941000507692
4822418692189366742
184790546229557430
1663374952183503220
3709914338057683143
1178756150382381051
5485611550817156037
6989775346880894209
437321955130625279
2091178472371890330
3200416943877977281
587663502276042732
6185134405547456925
5228901327114335421
5452438387449513587
4461592848342985513
424801624820664943
2259250302575702750
7581690481095861733
7346462347820193417
5522634029682620440
2285324328310269367
2867048627506796149
1645949451778702000
6958592425644961171
3601278012875693349
2145131725507747319
6251083213080716228
3786518312340096778
8054285536333811045
1447175420635070822